#fluid c0,c1,c2,a1,a2
Acetone,4.0,-9.4883659997,7.1422719708
CarbonMonoxide,3.5,0.22311e-6,1.5,-3.3728318564,3.3683460039
CarbonylSulfide,3.5,-3.6587449805,3.7349245016
Decane,19.109,13.9361966549,-10.5265128286
HydrogenSulfide,4.0,0.14327e-5,1.5,-4.0740770957,3.7632137341
Isopentane,4.0,2.5822330405,1.1609103419
Neopentane,4.0,0.8702452614,1.6071746358
Isohexane,4.0,6.9259123919,-0.3128629679
Krypton,2.5,-3.7506412806,3.7798018435
NitrousOxide,3.5,-4.4262736272,4.3120475243
Nonane,17.349,10.7927224829,-8.2418318753
SulfurDioxide,4.0,0.72453e-4,1.0,-4.5328346436,4.4777967379
Toluene,4.0,3.5241174832,1.1360823464
Xenon,2.5,-3.8227178129,3.8416395351
R116,4.0,-10.7088650331,8.9148979056
R141b,4.0,-15.5074814985,9.1871858933
R142b,4.0,-12.6016527149,8.3160183265
R218,4.0,-15.6587335175,11.4531412796
R245fa,4.0,-13.4283638514,9.8723653800
R41,4.0,0.00016937,1.0,-4.8676441160,4.2527951258