Acetone,3.7072,310.0,7.0675,3480.0,11.012,1576.0
CarbonMonoxide,1.0128,3089.0
CarbonylSulfide,2.1651,768.0,0.93456,1363.0,1.0623,3175.0,0.34269,12829.0
Decane,25.685,1193.0,28.233,2140.0,12.417,4763.0,10.035,10862.0
HydrogenSulfide,1.1364,1823.0,1.9721,3965.0
Isopentane,7.4056,442.0,9.5772,1109.0,15.765,2069.0,12.119,4193.0
Neopentane,14.422,710.0,12.868,1725.0,17.247,3280.0,12.663,7787.0
Isohexane,7.9127,325.0,16.871,1150.0,19.257,2397.0,14.075,5893.0
Krypton,0,0
NitrousOxide,2.1769,879.0,1.6145,2372.0,0.48393,5447.0
Nonane,24.926,1221.0,24.842,2244.0,11.188,5008.0,17.483,11724.0
SulfurDioxide,1.0620,775.0,1.9401,1851.0
Toluene,1.6994,190.0,8.0577,797.0,17.059,1619.0,8.4567,3072.0,8.6423,7915.0
Xenon,0,0
R116,2.4818,190.0,7.0622,622.0,7.9951,1470.0
R141b,6.8978,502.0,7.8157,1571.0,3.2039,4603.0
R142b,5.0385,473.0,6.8356,1256.0,4.0591,2497.0,2.8136,6840.0
R218,7.2198,326.0,7.2692,595.0,11.599,1489.0
R245fa,5.5728,222.0,10.385,1010.0,12.554,2450.0
R41,5.6936,1841.0,2.9351,4232.0